Ir -0.30602 -0.04387 0.23045
C -1.39580 0.15341 2.03607
C -1.76324 -1.12140 1.45324
C -2.32650 -0.86329 0.17210
C -1.85196 1.19514 1.13377
C -2.39802 0.57519 -0.02713
C -1.76506 2.64781 1.43679
H -2.49470 2.89302 2.21922
H -0.77482 2.92041 1.81865
H -1.98041 3.26654 0.56294
C -2.99803 1.23002 -1.22107
H -4.08556 1.08247 -1.22876
H -2.80289 2.30581 -1.23688
H -2.60705 0.80068 -2.15154
C -2.78113 -1.87975 -0.81167
H -3.85149 -2.08375 -0.67831
H -2.64104 -1.52920 -1.83993
H -2.24242 -2.82568 -0.69067
C -1.63773 -2.44440 2.11258
H -2.54786 -2.63653 2.69553
H -1.52675 -3.25705 1.38782
H -0.78825 -2.47795 2.80176
C -0.83399 0.37103 3.39501
H -0.20528 1.26795 3.42167
H -1.64006 0.50383 4.12866
H -0.22546 -0.48165 3.71595
C 2.51031 1.00847 0.41095
C 1.16907 2.60059 -0.60523
C 2.22128 3.52441 -0.61128
C 3.43592 3.14776 -0.07586
C 3.59652 1.85518 0.42756
H 2.06023 4.50704 -1.04638
H 4.26555 3.84913 -0.06761
H 4.54315 1.49512 0.81608
N 1.29975 1.39291 -0.05269
C 2.61970 -0.41766 0.84264
O 3.70956 -0.85931 1.24308
N 1.47554 -1.10347 0.67312
C 1.44468 -2.47160 1.03400
C 1.80251 -2.90050 2.31684
C 0.99799 -3.41084 0.10047
C 1.71099 -4.24660 2.65481
H 2.14130 -2.16980 3.04854
C 0.90755 -4.75618 0.44338
H 0.72132 -3.07251 -0.89787
C 1.26177 -5.17938 1.72254
H 1.98664 -4.56710 3.65716
H 0.55964 -5.47683 -0.29338
H 1.18990 -6.23049 1.99126
O -0.01863 2.85313 -1.15787
H -0.04322 3.75475 -1.51478
O 0.25515 -0.42745 -2.04542
H -0.16039 -1.28867 -2.20147
H -0.33526 0.20717 -2.47896
Ir -0.64910 -0.15739 -0.24265
C -1.25965 -0.12325 1.79783
C -1.97990 -1.16633 1.08545
C -2.73966 -0.54789 0.04096
C -1.55399 1.13488 1.16780
C -2.46245 0.87470 0.06979
C -1.02409 2.46244 1.57417
H -1.68074 2.90988 2.33028
H -0.02174 2.37831 2.00801
H -0.97405 3.15188 0.72515
C -3.04778 1.87047 -0.85844
H -4.08086 2.08545 -0.55533
H -2.48972 2.81057 -0.85389
H -3.07850 1.48515 -1.88349
C -3.61072 -1.22846 -0.94959
H -4.66212 -1.13994 -0.64887
H -3.51186 -0.77545 -1.94240
H -3.37212 -2.29366 -1.02852
C -1.92000 -2.61775 1.38568
H -2.77501 -2.90225 2.01219
H -1.96380 -3.21563 0.46831
H -1.00411 -2.88161 1.92666
C -0.41968 -0.32440 3.00232
H 0.31344 0.47808 3.12707
H -1.06599 -0.32581 3.88993
H 0.10865 -1.28404 2.97974
C 2.25361 1.06336 0.53288
C 1.13901 2.12541 -1.19518
C 1.96067 3.25102 -1.08819
C 2.93379 3.25998 -0.11142
C 3.09263 2.14430 0.71266
H 1.81188 4.08758 -1.76487
H 3.58182 4.12388 0.00337
H 3.86420 2.09891 1.47368
N 1.26147 1.06600 -0.39037
C 2.47323 -0.14570 1.39381
O 2.91524 -0.01634 2.53265
N 2.20252 -1.33309 0.79319
H 1.84383 -1.27373 -0.15799
C 2.04613 -2.60415 1.38705
C 2.34118 -2.87714 2.72544
C 1.53366 -3.61490 0.56593
C 2.09499 -4.15230 3.22822
H 2.75088 -2.10307 3.36285
C 1.30003 -4.88210 1.08116
H 1.31405 -3.39564 -0.47865
C 1.57424 -5.15700 2.41935
H 2.31976 -4.35625 4.27248
H 0.89807 -5.65658 0.43246
H 1.38841 -6.14775 2.82584
O 0.15703 2.02676 -2.09894
H 0.09742 2.83637 -2.63132
O -0.26938 -1.47127 -2.07510
H -1.14066 -1.75014 -2.39337
H 0.10744 -0.93031 -2.78543
Ir -0.22106 0.09234 0.32909
C -1.28773 0.29100 2.13829
C -1.78667 -0.90894 1.49471
C -2.31717 -0.52928 0.23411
C -1.63844 1.42043 1.29557
C -2.24755 0.91695 0.10920
C -1.42338 2.84052 1.67887
H -2.18038 3.13265 2.41818
H -0.44169 2.98549 2.14336
H -1.49901 3.51503 0.82329
C -2.80965 1.68444 -1.03588
H -3.90377 1.59633 -1.04924
H -2.55760 2.74655 -0.97736
H -2.44188 1.30166 -1.99591
C -2.88225 -1.44216 -0.79463
H -3.95844 -1.58281 -0.62940
H -2.75718 -1.03349 -1.80354
H -2.40776 -2.42909 -0.75909
C -1.81308 -2.26455 2.09997
H -2.69705 -2.34659 2.74606
H -1.87856 -3.05220 1.34326
H -0.93123 -2.45413 2.72100
C -0.70760 0.37231 3.50505
H -0.01543 1.21727 3.58934
H -1.49882 0.51022 4.25410
H -0.16148 -0.54307 3.76034
C 2.66898 0.87635 0.35739
C 1.34763 2.61157 -0.59226
C 2.55007 3.39445 -0.67538
C 3.75904 2.89442 -0.27302
C 3.83835 1.58631 0.23858
H 2.45803 4.38941 -1.10416
H 4.65858 3.49968 -0.36539
H 4.77794 1.12385 0.52179
N 1.45514 1.38102 0.02449
C 2.67512 -0.54400 0.81128
O 3.73575 -1.10236 1.14640
N 1.45786 -1.11638 0.74603
C 1.32678 -2.45782 1.17273
C 1.68479 -2.84511 2.46906
C 0.78822 -3.40880 0.30222
C 1.50411 -4.16068 2.88267
H 2.09755 -2.10277 3.14978
C 0.60888 -4.72421 0.72001
H 0.50702 -3.10120 -0.70532
C 0.96389 -5.10518 2.01191
H 1.78198 -4.44789 3.89456
H 0.18944 -5.45489 0.03179
H 0.82178 -6.13228 2.33936
O 0.25056 3.00789 -1.06072
O 0.31637 -0.29864 -1.97079
H -0.34166 -0.96786 -2.20903
H -0.02360 0.52421 -2.35307
Ir -0.77123 -0.34080 -0.05680
C -1.62727 -0.28080 1.90719
C -2.47185 -1.09223 1.04405
C -2.90755 -0.27491 -0.03940
C -1.55408 1.03863 1.35833
C -2.31943 1.04466 0.12704
C -0.82399 2.20153 1.92588
H -1.50189 2.78982 2.55694
H 0.02354 1.88754 2.54371
H -0.44955 2.86258 1.13614
C -2.54516 2.21579 -0.75420
H -3.42087 2.77648 -0.40153
H -1.68680 2.89543 -0.74688
H -2.73723 1.90977 -1.78717
C -3.74927 -0.68982 -1.18876
H -4.79960 -0.43776 -0.99634
H -3.44629 -0.17341 -2.10614
H -3.68803 -1.76855 -1.36325
C -2.78936 -2.52359 1.27965
H -3.57132 -2.61487 2.04439
H -3.14706 -3.01430 0.36973
H -1.90899 -3.06753 1.64248
C -0.99863 -0.75544 3.16502
H -0.11923 -0.16138 3.43421
H -1.72433 -0.67590 3.98524
H -0.69739 -1.80708 3.09129
C 2.00412 1.04455 0.52807
C 1.04462 1.58454 -1.57461
C 1.86053 2.75707 -1.59910
C 2.71659 3.03664 -0.56659
C 2.81600 2.15371 0.52432
H 1.77933 3.40432 -2.46822
H 3.33579 3.93011 -0.59865
H 3.51926 2.31437 1.33462
N 1.10296 0.78937 -0.45536
C 2.13902 0.06745 1.65814
O 2.35976 0.45511 2.80473
N 2.05036 -1.24358 1.29242
H 1.81353 -1.40650 0.31655
C 1.85546 -2.35892 2.13511
C 2.32437 -2.41141 3.44832
C 1.15377 -3.44284 1.59731
C 2.05576 -3.53782 4.22107
H 2.88408 -1.57930 3.85898
C 0.89908 -4.56262 2.37791
H 0.79840 -3.39111 0.56754
C 1.34264 -4.61213 3.69813
H 2.41805 -3.57260 5.24577
H 0.34770 -5.39766 1.95216
H 1.13936 -5.48597 4.31173
O 0.27260 1.27293 -2.53526
O -0.33542 -1.23214 -2.04948
H -0.10423 -0.34135 -2.45386
H -1.17950 -1.49882 -2.44186
Ir -0.28920 -0.06237 0.14847
C -1.31453 0.28773 1.97003
C -1.68467 -1.04647 1.54249
C -2.30185 -0.94118 0.26368
C -1.86460 1.22167 1.00159
C -2.43247 0.47191 -0.06347
C -1.84992 2.69722 1.16905
H -2.57226 2.96527 1.95098
H -0.87034 3.06225 1.49634
H -2.12981 3.22068 0.25230
C -3.10436 0.99675 -1.28164
H -4.19419 0.95374 -1.15812
H -2.83015 2.03645 -1.48243
H -2.85001 0.39822 -2.16303
C -2.80505 -2.06436 -0.57054
H -3.88036 -2.20719 -0.40308
H -2.65862 -1.86329 -1.63710
H -2.29945 -3.00414 -0.32529
C -1.48763 -2.28524 2.33330
H -2.37716 -2.43814 2.95842
H -1.36639 -3.16985 1.70057
H -0.62404 -2.21156 3.00099
C -0.65453 0.64873 3.25402
H -0.13771 1.61104 3.17114
H -1.38960 0.73093 4.06484
H 0.08325 -0.10851 3.54380
C 2.46096 1.00111 0.63182
C 1.21178 2.57908 -0.52703
C 2.25054 3.51161 -0.43050
C 3.40723 3.14957 0.22970
C 3.52845 1.86251 0.75733
H 2.12691 4.48900 -0.88901
H 4.22605 3.85845 0.31397
H 4.43498 1.51365 1.24028
N 1.30413 1.37101 0.03689
C 2.55395 -0.43254 1.03967
O 3.60977 -0.86386 1.53031
N 1.45196 -1.13661 0.72034
C 1.40832 -2.52630 0.97628
C 1.82925 -3.06862 2.19668
C 0.87550 -3.37932 0.00380
C 1.71755 -4.43461 2.43141
H 2.22745 -2.41117 2.96488
C 0.76597 -4.74472 0.24467
H 0.53360 -2.95941 -0.94154
C 1.18547 -5.27981 1.46055
H 2.04207 -4.83911 3.38771
H 0.34876 -5.39297 -0.52284
H 1.09729 -6.34667 1.65085
O 0.08374 2.81543 -1.19716
H 0.08738 3.71560 -1.55835
H 0.22845 -0.80070 -1.55534
H 0.11912 -0.01540 -1.72139
Ir -0.62333 -0.15057 -0.21458
C -1.24581 -0.13147 1.80414
C -1.96279 -1.18177 1.10536
C -2.71667 -0.58408 0.04672
C -1.55642 1.12420 1.16028
C -2.46165 0.84320 0.06521
C -1.04483 2.45889 1.56274
H -1.70851 2.89433 2.31997
H -0.04155 2.38859 1.99670
H -1.00624 3.14858 0.71365
C -3.04831 1.82307 -0.87921
H -4.08929 2.02458 -0.59505
H -2.50414 2.77119 -0.87337
H -3.05572 1.43001 -1.90202
C -3.57814 -1.29149 -0.93261
H -4.61660 -1.29532 -0.57815
H -3.56200 -0.79732 -1.90928
H -3.26332 -2.33114 -1.06479
C -1.90184 -2.62706 1.42936
H -2.73510 -2.88430 2.09604
H -1.99260 -3.24324 0.52848
H -0.96895 -2.89209 1.94020
C -0.41173 -0.31204 3.01583
H 0.31842 0.49459 3.13143
H -1.06226 -0.30170 3.90034
H 0.11966 -1.27020 3.00841
C 2.27556 1.06373 0.55076
C 1.15629 2.12947 -1.17407
C 1.99001 3.24709 -1.07856
C 2.97001 3.25114 -0.10889
C 3.12534 2.13724 0.71896
H 1.84501 4.08145 -1.75869
H 3.62782 4.10883 -0.00351
H 3.90395 2.08741 1.47256
N 1.27464 1.07307 -0.36458
C 2.49422 -0.14676 1.41085
O 2.93565 -0.02172 2.54986
N 2.22446 -1.33261 0.80497
H 1.85236 -1.26291 -0.14096
C 2.03490 -2.60046 1.39669
C 2.35317 -2.89181 2.72532
C 1.46321 -3.58500 0.58313
C 2.07055 -4.15976 3.22756
H 2.80647 -2.13647 3.35587
C 1.19755 -4.84685 1.09616
H 1.22026 -3.34914 -0.45321
C 1.49449 -5.13974 2.42566
H 2.31155 -4.37839 4.26519
H 0.74939 -5.60153 0.45440
H 1.28119 -6.12512 2.83169
O 0.16766 2.03354 -2.06993
H 0.10912 2.84083 -2.60615
H -0.90684 -1.20215 -2.49792
H -0.15242 -1.19364 -2.52999
Ir -0.23369 0.06023 0.15545
C -1.12844 0.42883 2.06294
C -1.71562 -0.80234 1.56240
C -2.37001 -0.50403 0.33744
C -1.56165 1.49992 1.19095
C -2.28551 0.92780 0.10618
C -1.28262 2.93897 1.43009
H -1.96747 3.31088 2.20308
H -0.26211 3.09469 1.79762
H -1.42382 3.54127 0.52977
C -2.93705 1.64325 -1.02470
H -4.01382 1.74731 -0.83873
H -2.52108 2.64476 -1.16471
H -2.81670 1.09244 -1.96402
C -3.07250 -1.47402 -0.54518
H -4.13726 -1.52777 -0.28466
H -3.00381 -1.17422 -1.59614
H -2.65008 -2.47994 -0.44854
C -1.69622 -2.11500 2.25481
H -2.57035 -2.17763 2.91617
H -1.74927 -2.95385 1.55336
H -0.80310 -2.23853 2.87462
C -0.38188 0.59015 3.34077
H 0.35268 1.40046 3.26845
H -1.06383 0.82872 4.16703
H 0.15446 -0.32867 3.60381
C 2.55028 0.97013 0.60332
C 1.33657 2.58081 -0.67661
C 2.45405 3.46471 -0.49889
C 3.57055 3.07859 0.19493
C 3.64518 1.78669 0.74649
H 2.38028 4.44638 -0.96029
H 4.40724 3.76562 0.30359
H 4.52779 1.41607 1.25702
N 1.41949 1.36403 -0.03038
C 2.56971 -0.45089 1.05802
O 3.58872 -0.93102 1.58562
N 1.43624 -1.10992 0.74208
C 1.30213 -2.48078 1.05362
C 1.65492 -2.99745 2.30727
C 0.74575 -3.34262 0.10146
C 1.45627 -4.34422 2.59253
H 2.07309 -2.33434 3.06008
C 0.55061 -4.68838 0.39198
H 0.45828 -2.94232 -0.87013
C 0.90302 -5.19680 1.64035
H 1.72971 -4.72709 3.57351
H 0.11995 -5.34302 -0.36262
H 0.74742 -6.24832 1.86911
O 0.33496 2.87380 -1.37676
H 0.03319 0.04303 -1.65076
H 0.03625 -0.76746 -1.45221
Ir -0.75444 -0.21518 -0.12004
C -1.57335 -0.26838 1.85909
C -2.37933 -1.11856 0.99804
C -2.90828 -0.31046 -0.04661
C -1.59868 1.06669 1.32718
C -2.41335 1.04337 0.13064
C -0.91747 2.25882 1.89315
H -1.61074 2.80660 2.54348
H -0.04383 1.97793 2.49048
H -0.59008 2.94282 1.10206
C -2.76005 2.21165 -0.71333
H -3.68007 2.67493 -0.33305
H -1.97005 2.96866 -0.69513
H -2.93852 1.91769 -1.75232
C -3.76571 -0.75442 -1.17343
H -4.81547 -0.52041 -0.95588
H -3.49574 -0.23901 -2.10125
H -3.68613 -1.83256 -1.34059
C -2.60522 -2.56973 1.20684
H -3.41955 -2.71829 1.92770
H -2.88409 -3.07134 0.27546
H -1.71243 -3.05896 1.61227
C -0.92598 -0.69728 3.12161
H -0.04584 -0.09187 3.36089
H -1.64605 -0.57556 3.94205
H -0.63171 -1.75186 3.09212
C 2.09853 1.08074 0.55820
C 1.05916 1.82023 -1.44893
C 2.05206 2.85223 -1.52233
C 3.00780 2.98363 -0.55207
C 3.04277 2.07933 0.52561
H 2.00408 3.52726 -2.37283
H 3.74889 3.77713 -0.61772
H 3.80304 2.13001 1.29798
N 1.12258 0.95772 -0.37548
C 2.18816 0.08002 1.66890
O 2.45088 0.43788 2.81656
N 2.01765 -1.21723 1.28771
H 1.74725 -1.35699 0.31691
C 1.81304 -2.33883 2.11995
C 2.28892 -2.41260 3.43038
C 1.08448 -3.40369 1.57993
C 1.99408 -3.53505 4.19898
H 2.86857 -1.59629 3.84434
C 0.80326 -4.51999 2.35682
H 0.72122 -3.33679 0.55356
C 1.24885 -4.58706 3.67543
H 2.35804 -3.58259 5.22265
H 0.22498 -5.33649 1.93058
H 1.02041 -5.45548 4.28794
O 0.14384 1.68685 -2.30587
H -0.43270 -0.52410 -2.21454
H -0.68649 -1.21727 -1.98866
Ir -0.45764 -0.21468 0.14182
C -1.18363 -0.36337 2.18917
C -0.55134 -1.59022 1.80384
C -1.30663 -2.14724 0.69445
C -2.31714 -0.13641 1.32262
C -2.38570 -1.25238 0.41642
C -3.33980 0.93977 1.44540
H -4.24022 0.55445 1.94132
H -2.96927 1.78159 2.03679
H -3.63899 1.32441 0.46427
C -3.43310 -1.47139 -0.61640
H -4.16357 -2.20394 -0.24904
H -3.97390 -0.54814 -0.84490
H -3.00748 -1.86610 -1.54562
C -1.09792 -3.47308 0.05584
H -1.64786 -4.24238 0.61383
H -1.46866 -3.48107 -0.97459
H -0.04138 -3.76156 0.04207
C 0.64406 -2.19809 2.44951
H 0.36136 -2.72461 3.36993
H 1.12853 -2.92178 1.78535
H 1.38380 -1.43355 2.71665
C -0.72886 0.51716 3.29831
H -1.06420 1.55022 3.16314
H -1.13471 0.15455 4.25114
H 0.36417 0.51656 3.38417
C 2.13856 1.21663 0.46223
C 0.41368 2.70502 0.89251
C 1.31717 3.65915 1.37254
C 2.66185 3.34800 1.39034
C 3.08868 2.10926 0.90931
H 0.94189 4.62052 1.71223
H 4.13628 1.83082 0.86740
N 0.81478 1.50016 0.48318
H -0.47831 0.35102 -1.54243
C -2.88682 0.68498 -3.01329
O -2.29624 -0.21865 -3.61901
O -2.44288 1.41409 -2.06745
H -1.27176 0.76287 -1.57782
O -4.17865 0.98519 -3.34823
H -4.42339 0.39232 -4.07426
C 2.52543 -0.09326 -0.15062
O 3.73025 -0.37281 -0.28890
N 1.46674 -0.80053 -0.57126
C 1.65458 -2.03019 -1.23966
C 2.50186 -3.02596 -0.73747
C 0.93166 -2.28270 -2.41135
C 2.62232 -4.24362 -1.40023
H 3.05876 -2.84297 0.17815
C 1.05882 -3.50047 -3.06996
H 0.25755 -1.51649 -2.79341
C 1.90334 -4.48813 -2.56763
H 3.28099 -5.00913 -0.99560
H 0.49141 -3.67856 -3.98089
H 1.99924 -5.44137 -3.08186
H 3.38092 4.07191 1.76329
O -0.89898 2.93391 0.80574
H -1.10258 3.82740 1.12288
Ir -0.23020 -0.46529 -0.07860
C -0.14643 -1.64419 1.82378
C 0.86913 -2.10476 0.94328
C 0.23377 -2.56881 -0.27674
C -1.42618 -1.80842 1.16947
C -1.17976 -2.43201 -0.10664
C -2.77398 -1.57733 1.75666
H -3.19196 -2.52483 2.12052
H -2.73600 -0.87980 2.59684
H -3.47028 -1.17317 1.01317
C -2.22491 -2.84191 -1.07792
H -2.51694 -3.88100 -0.87859
H -3.12175 -2.22058 -0.99357
H -1.86197 -2.78732 -2.10918
C 0.94200 -3.15788 -1.44301
H 0.34605 -3.07395 -2.35721
H 1.90474 -2.66164 -1.61289
H 1.14464 -4.22210 -1.26757
C 2.31169 -2.21368 1.27137
H 2.49561 -3.18959 1.74068
H 2.94322 -2.15278 0.37903
H 2.62693 -1.43979 1.97813
C 0.11194 -1.14149 3.19844
H -0.78585 -0.72975 3.66298
H 0.47437 -1.96972 3.82089
H 0.89005 -0.36885 3.19978
C 0.34921 2.51973 -0.40294
C -0.90360 2.21172 1.50632
C -0.99594 3.60451 1.68490
C -0.40201 4.44367 0.77225
C 0.28437 3.89100 -0.31413
H -1.55064 3.98473 2.53857
H 0.76618 4.50209 -1.07018
N -0.22663 1.67507 0.49224
H -1.05495 0.16150 -1.51020
C -3.90131 0.50169 -1.36359
O -3.73371 -0.09944 -2.43297
O -3.03002 1.11725 -0.66976
H -1.73361 0.48808 -1.02371
O -5.15098 0.53815 -0.80348
H -5.74241 0.06334 -1.40627
C 1.05109 1.88127 -1.52953
O 1.31446 2.41546 -2.57782
N 1.39548 0.48277 -1.28603
C 2.75357 0.36231 -0.76336
C 3.69805 -0.31006 -1.53343
C 3.09445 0.91771 0.46771
C 4.99702 -0.44687 -1.05280
H 3.41646 -0.72863 -2.49831
C 4.40159 0.79148 0.92572
H 2.35194 1.42690 1.07851
C 5.35220 0.10598 0.17372
H 5.73254 -0.98244 -1.64729
H 4.67260 1.22483 1.88497
H 6.36884 0.00355 0.54398
H 1.37948 0.03172 -2.20623
O -1.49480 1.35177 2.32353
H -0.47070 5.52035 0.89291
H -1.94846 1.81375 3.04607
Ir -0.44125 -0.20806 0.14934
C -1.18031 -0.35772 2.19369
C -0.54434 -1.58460 1.81161
C -1.30156 -2.15054 0.70728
C -2.30793 -0.13497 1.32088
C -2.37385 -1.25755 0.41826
C -3.33996 0.93223 1.44843
H -4.23028 0.54442 1.96109
H -2.96760 1.78412 2.02439
H -3.65676 1.30515 0.46810
C -3.42215 -1.47959 -0.61466
H -4.16643 -2.19512 -0.24124
H -3.94828 -0.55188 -0.86015
H -2.99948 -1.89309 -1.53724
C -1.08737 -3.48201 0.08051
H -1.62801 -4.25207 0.64685
H -1.46151 -3.50339 -0.94874
H -0.02865 -3.76329 0.06451
C 0.64874 -2.19931 2.45552
H 0.35550 -2.83072 3.30407
H 1.20057 -2.82909 1.74837
H 1.33701 -1.43320 2.83222
C -0.74580 0.53290 3.30354
H -1.01833 1.57509 3.10997
H -1.22655 0.22699 4.24132
H 0.33867 0.48503 3.45530
C 2.14277 1.21000 0.46175
C 0.34002 2.71382 0.87519
C 1.31455 3.64550 1.36741
C 2.65143 3.34372 1.38206
C 3.09487 2.10105 0.89724
H 0.94318 4.60656 1.71511
H 4.14464 1.83226 0.84485
N 0.81486 1.47993 0.48525
H -0.46430 0.37964 -1.51674
C -2.85929 0.68605 -3.00822
O -2.26718 -0.21824 -3.60989
O -2.42196 1.40930 -2.05320
H -1.27154 0.78665 -1.56594
O -4.14390 0.99801 -3.35569
H -4.38470 0.41196 -4.08860
C 2.53310 -0.09711 -0.15179
O 3.73649 -0.38916 -0.29669
N 1.47250 -0.80565 -0.57461
C 1.65329 -2.03275 -1.24547
C 2.50494 -3.03276 -0.75699
C 0.91859 -2.28410 -2.41116
C 2.61694 -4.24904 -1.42422
H 3.07346 -2.85336 0.15212
C 1.03649 -3.50028 -3.07414
H 0.24156 -1.51632 -2.78491
C 1.88504 -4.49087 -2.58407
H 3.27926 -5.01614 -1.02836
H 0.45886 -3.67479 -3.97946
H 1.97414 -5.44296 -3.10176
H 3.37007 4.07034 1.75607
O -0.88704 2.98563 0.79768
Ir -0.24307 -0.44466 -0.06478
C -0.14416 -1.65491 1.82710
C 0.85852 -2.10723 0.92685
C 0.20753 -2.55971 -0.28841
C -1.43001 -1.80387 1.18519
C -1.19947 -2.41373 -0.10346
C -2.77168 -1.58776 1.79332
H -3.18332 -2.54244 2.14621
H -2.72544 -0.90363 2.64405
H -3.47836 -1.17293 1.06545
C -2.26020 -2.80704 -1.06646
H -2.56902 -3.84176 -0.86964
H -3.14614 -2.17135 -0.97311
H -1.90663 -2.75336 -2.10120
C 0.90170 -3.14122 -1.46816
H 0.29466 -3.05068 -2.37468
H 1.86160 -2.64255 -1.64803
H 1.10889 -4.20671 -1.30571
C 2.30345 -2.23989 1.23891
H 2.48145 -3.22724 1.68639
H 2.92693 -2.16825 0.34154
H 2.63623 -1.48442 1.95742
C 0.13493 -1.18830 3.21131
H -0.75215 -0.77408 3.69433
H 0.49258 -2.03510 3.81142
H 0.92232 -0.42506 3.22244
C 0.37048 2.50994 -0.37311
C -0.88287 2.16052 1.60420
C -0.86536 3.59488 1.77289
C -0.27474 4.42934 0.86797
C 0.35755 3.87874 -0.26331
H -1.37535 3.98069 2.65198
H 0.83811 4.48747 -1.02210
N -0.19689 1.65544 0.52241
H -1.11021 0.20819 -1.44894
C -3.94922 0.55712 -1.34331
O -3.75871 -0.05142 -2.40492
O -3.08558 1.12732 -0.60345
H -1.79032 0.51158 -0.93974
O -5.22335 0.65981 -0.84917
H -5.80613 0.21610 -1.48337
C 1.03610 1.88427 -1.52046
O 1.29818 2.41324 -2.57519
N 1.36699 0.47319 -1.29604
C 2.72841 0.34019 -0.79092
C 3.66371 -0.32644 -1.57740
C 3.08608 0.88329 0.44155
C 4.96821 -0.47071 -1.11342
H 3.37058 -0.73475 -2.54341
C 4.39774 0.74913 0.88356
H 2.34807 1.38608 1.06315
C 5.33876 0.06907 0.11429
H 5.69585 -1.00157 -1.72181
H 4.68057 1.17197 1.84421
H 6.35930 -0.03913 0.47218
H 1.33809 0.03192 -2.21991
O -1.49874 1.41095 2.39357
H -0.29341 5.50622 1.01556
Ir -0.34830 -0.08896 0.21660
C -1.55378 -0.06233 2.07851
C -1.89123 -1.21564 1.26194
C -2.41858 -0.73857 0.02156
C -1.84642 1.10722 1.32949
C -2.36489 0.70095 0.03444
C -1.65232 2.50913 1.78367
H -2.55855 2.86795 2.28766
H -0.82275 2.58753 2.49412
H -1.44814 3.17913 0.94354
C -2.95332 1.58541 -1.00717
H -4.04882 1.54895 -0.94385
H -2.64394 2.62544 -0.87950
H -2.67015 1.26528 -2.01562
C -2.92991 -1.57111 -1.09827
H -4.00335 -1.75719 -0.96581
H -2.79334 -1.06791 -2.06076
H -2.42242 -2.54032 -1.14099
C -1.80223 -2.62976 1.70641
H -2.68039 -2.88033 2.31583
H -1.77448 -3.32011 0.85728
H -0.91182 -2.80216 2.32195
C -0.99582 -0.13792 3.45330
H -0.50601 0.79640 3.74405
H -1.79638 -0.33956 4.17670
H -0.26483 -0.95128 3.54065
C 2.55996 1.01451 0.22773
C 1.14426 2.54416 -0.77115
C 2.19873 3.45038 -0.93996
C 3.45541 3.10028 -0.49601
C 3.64701 1.85083 0.09491
H 1.99932 4.40472 -1.41973
H 4.28739 3.78790 -0.61661
H 4.61797 1.51672 0.44434
N 1.31471 1.35783 -0.18164
C 2.73535 -0.34879 0.80369
O 3.79312 -0.68600 1.33472
N 1.64916 -1.14914 0.62785
C 1.61753 -2.45874 1.17392
C 1.81814 -2.67198 2.54021
C 1.32499 -3.53649 0.33688
C 1.73351 -3.96044 3.05764
H 2.04070 -1.82598 3.18753
C 1.23340 -4.82071 0.86361
H 1.16631 -3.36150 -0.72671
C 1.43902 -5.03719 2.22369
H 1.89524 -4.12243 4.12075
H 1.00459 -5.65558 0.20547
H 1.36945 -6.04192 2.63313
O -0.08940 2.79670 -1.20480
H -0.13648 3.68199 -1.59864
H 0.98241 -1.05772 -0.57567
H 0.26832 -0.78827 -1.26826
Ir -0.29535 -0.15946 0.03615
C -1.30879 -0.01617 1.96010
C -1.81020 -1.17307 1.23641
C -2.42064 -0.69672 0.03219
C -1.62451 1.14840 1.19469
C -2.31468 0.73770 -0.00744
C -1.28649 2.54492 1.58099
H -2.04785 2.94283 2.26394
H -0.32163 2.59277 2.09995
H -1.24097 3.20661 0.71028
C -2.97086 1.62596 -1.00745
H -4.04085 1.72732 -0.78175
H -2.53444 2.62897 -1.00521
H -2.88667 1.22561 -2.02401
C -3.08522 -1.53438 -1.00254
H -4.15654 -1.62961 -0.78280
H -2.99038 -1.08854 -1.99853
H -2.65942 -2.54272 -1.03816
C -1.81838 -2.57567 1.73324
H -2.68784 -2.73665 2.38398
H -1.88115 -3.29472 0.90973
H -0.91992 -2.80769 2.31626
C -0.60471 -0.03573 3.27209
H 0.20359 0.70562 3.29902
H -1.29606 0.19523 4.09253
H -0.16518 -1.01880 3.47340
C 2.34399 1.12534 0.44200
C 1.04118 2.49258 -0.98904
C 1.99270 3.53577 -0.78004
C 3.09358 3.34322 0.01531
C 3.29804 2.09737 0.62777
H 1.81362 4.47740 -1.29256
H 3.81252 4.14724 0.15630
H 4.17302 1.87801 1.23043
N 1.22852 1.31819 -0.30868
C 2.52438 -0.24473 1.01495
O 3.58084 -0.54178 1.60597
N 1.49300 -1.05968 0.74278
C 1.52244 -2.40896 1.15595
C 1.84072 -2.77715 2.46944
C 1.17210 -3.40919 0.24137
C 1.80925 -4.11522 2.85108
H 2.10571 -2.00662 3.18933
C 1.14233 -4.74423 0.62810
H 0.91083 -3.12289 -0.77657
C 1.46005 -5.10521 1.93573
H 2.05562 -4.38371 3.87619
H 0.86877 -5.50706 -0.09782
H 1.43463 -6.14900 2.23921
O 0.05009 2.64074 -1.77695
H 0.19261 -0.99406 -1.42407
H -0.04714 -0.30106 -2.09521
O -0.22217 0.45005 -3.12056
H -0.18737 1.35113 -2.64625
H -1.14551 0.32103 -3.38750
Ir -0.29535 -0.15946 0.03615
C -1.30879 -0.01617 1.96010
C -1.81020 -1.17307 1.23641
C -2.42064 -0.69672 0.03219
C -1.62451 1.14840 1.19469
C -2.31468 0.73770 -0.00744
C -1.28649 2.54492 1.58099
H -2.04785 2.94283 2.26394
H -0.32163 2.59277 2.09995
H -1.24097 3.20661 0.71028
C -2.97086 1.62596 -1.00745
H -4.04085 1.72732 -0.78175
H -2.53444 2.62897 -1.00521
H -2.88667 1.22561 -2.02401
C -3.08522 -1.53438 -1.00254
H -4.15654 -1.62961 -0.78280
H -2.99038 -1.08854 -1.99853
H -2.65942 -2.54272 -1.03816
C -1.81838 -2.57567 1.73324
H -2.68784 -2.73665 2.38398
H -1.88115 -3.29472 0.90973
H -0.91992 -2.80769 2.31626
C -0.60471 -0.03573 3.27209
H 0.20359 0.70562 3.29902
H -1.29606 0.19523 4.09253
H -0.16518 -1.01880 3.47340
C 2.34399 1.12534 0.44200
C 1.04118 2.49258 -0.98904
C 1.99270 3.53577 -0.78004
C 3.09358 3.34322 0.01531
C 3.29804 2.09737 0.62777
H 1.81362 4.47740 -1.29256
H 3.81252 4.14724 0.15630
H 4.17302 1.87801 1.23043
N 1.22852 1.31819 -0.30868
C 2.52438 -0.24473 1.01495
O 3.58084 -0.54178 1.60597
N 1.49300 -1.05968 0.74278
C 1.52244 -2.40896 1.15595
C 1.84072 -2.77715 2.46944
C 1.17210 -3.40919 0.24137
C 1.80925 -4.11522 2.85108
H 2.10571 -2.00662 3.18933
C 1.14233 -4.74423 0.62810
H 0.91083 -3.12289 -0.77657
C 1.46005 -5.10521 1.93573
H 2.05562 -4.38371 3.87619
H 0.86877 -5.50706 -0.09782
H 1.43463 -6.14900 2.23921
O 0.05009 2.64074 -1.77695
H 0.19261 -0.99406 -1.42407
H -0.04714 -0.30106 -2.09521
O -0.22217 0.45005 -3.12056
H -0.18737 1.35113 -2.64625
H -1.14551 0.32103 -3.38750
Ir -0.35553 -0.03701 0.10131
C -1.47173 -0.08274 1.99524
C -1.90147 -1.17723 1.14220
C -2.46747 -0.60816 -0.04019
C -1.74713 1.13966 1.32283
C -2.37048 0.82359 0.05125
C -1.47622 2.50678 1.84231
H -2.35662 2.89467 2.37024
H -0.63844 2.50398 2.54805
H -1.23918 3.20234 1.03066
C -3.03279 1.78648 -0.87024
H -4.11971 1.73905 -0.72062
H -2.71203 2.81337 -0.67721
H -2.82755 1.55635 -1.92021
C -3.08355 -1.35169 -1.17050
H -4.15406 -1.50077 -0.97807
H -2.98951 -0.79782 -2.11014
H -2.62658 -2.33761 -1.30314
C -1.85487 -2.62074 1.49378
H -2.72565 -2.88672 2.10690
H -1.87137 -3.25026 0.59792
H -0.95523 -2.86767 2.06916
C -0.83171 -0.22137 3.33013
H -0.01209 0.49610 3.45704
H -1.56440 -0.03162 4.12483
H -0.43103 -1.22926 3.48033
C 2.46015 1.13585 0.22628
C 0.99845 2.62860 -0.89324
C 2.06984 3.58120 -0.89513
C 3.29375 3.28734 -0.35808
C 3.50989 2.02249 0.21159
H 1.86464 4.54324 -1.35759
H 4.09483 4.02268 -0.37931
H 4.46432 1.72658 0.63351
N 1.22917 1.41725 -0.28036
C 2.66715 -0.22245 0.79901
O 3.70609 -0.53273 1.38422
N 1.62099 -1.06917 0.56991
C 1.60651 -2.38046 1.11227
C 1.77889 -2.59862 2.48209
C 1.35673 -3.46196 0.26503
C 1.70345 -3.89068 2.99187
H 1.97082 -1.75291 3.13910
C 1.27274 -4.74986 0.78377
H 1.22320 -3.28775 -0.80186
C 1.44658 -4.96924 2.14768
H 1.84242 -4.05434 4.05802
H 1.07504 -5.58511 0.11596
H 1.38251 -5.97656 2.55174
O -0.11596 2.88399 -1.42943
H 1.00682 -1.02093 -0.64699
H 0.29282 -0.83554 -1.34861
O -0.74811 0.86875 -3.22936
H -0.54171 1.63716 -2.65476
H -0.84811 0.16994 -2.56593
Ir -0.26642 0.08128 0.21651
C -1.19206 0.31289 2.14667
C -1.76319 -0.87276 1.53840
C -2.38206 -0.49583 0.31576
C -1.55612 1.43885 1.31311
C -2.27841 0.94685 0.17923
C -1.21561 2.85996 1.58632
H -2.01085 3.32880 2.17936
H -0.28374 2.94555 2.15548
H -1.10779 3.43454 0.66067
C -2.89321 1.74990 -0.91289
H -3.96732 1.88359 -0.72951
H -2.44278 2.74432 -0.98885
H -2.78454 1.25294 -1.88338
C -3.08614 -1.40151 -0.63292
H -4.15391 -1.46676 -0.38626
H -3.00545 -1.03693 -1.66235
H -2.67156 -2.41486 -0.59899
C -1.76710 -2.23115 2.13800
H -2.64425 -2.32390 2.79193
H -1.83366 -3.01694 1.37916
H -0.87794 -2.41427 2.74957
C -0.47378 0.37300 3.44877
H 0.24117 1.20392 3.46704
H -1.17375 0.51775 4.28189
H 0.08140 -0.55331 3.63679
C 2.50014 1.03643 0.71315
C 1.39495 2.30146 -0.95263
C 2.46365 3.23020 -0.94093
C 3.52637 3.02739 -0.08572
C 3.58423 1.88425 0.72891
H 2.43912 4.06046 -1.64084
H 4.35428 3.73248 -0.08565
H 4.45942 1.63631 1.32082
N 1.40209 1.32390 -0.01333
C 2.50333 -0.34115 1.29712
O 3.45703 -0.71702 2.00271
N 1.46679 -1.07683 0.83702
C 1.35288 -2.44351 1.15784
C 1.70301 -2.97839 2.40634
C 0.80643 -3.30054 0.19213
C 1.50700 -4.33110 2.67034
H 2.11716 -2.32953 3.17151
C 0.61966 -4.65057 0.46035
H 0.51578 -2.88198 -0.77138
C 0.96616 -5.17518 1.70471
H 1.77536 -4.72476 3.64868
H 0.19606 -5.29656 -0.30576
H 0.81499 -6.23049 1.91872
O 0.43413 2.28278 -1.81337
H 0.06231 0.96132 -1.70287
H -0.02233 0.01361 -1.61679
Ir -0.25510 -0.19102 -0.06927
C -1.26201 0.01919 1.95893
C -1.75276 -1.16978 1.27215
C -2.39926 -0.74479 0.07769
C -1.63941 1.15771 1.19915
C -2.30357 0.69941 0.00756
C -1.32445 2.57033 1.53401
H -2.07183 2.96734 2.23223
H -0.34376 2.65836 2.01618
H -1.32771 3.20552 0.64301
C -2.98184 1.55032 -1.00757
H -4.03244 1.69074 -0.72314
H -2.51993 2.53790 -1.08619
H -2.96333 1.08498 -1.99801
C -3.11615 -1.61075 -0.89595
H -4.17858 -1.67786 -0.62959
H -3.05210 -1.20737 -1.91143
H -2.70582 -2.62565 -0.90435
C -1.74322 -2.55118 1.82047
H -2.62933 -2.69219 2.45303
H -1.77666 -3.30319 1.02587
H -0.86027 -2.74116 2.43924
C -0.53607 0.03216 3.25643
H 0.11380 0.91057 3.33959
H -1.24650 0.06242 4.09224
H 0.08099 -0.86467 3.37835
C 2.31503 1.10639 0.48437
C 1.03151 2.42566 -1.04557
C 1.99041 3.47349 -0.83179
C 3.06196 3.31219 0.00466
C 3.25239 2.09014 0.67472
H 1.82588 4.39959 -1.37688
H 3.77132 4.12537 0.14268
H 4.10499 1.89947 1.31773
N 1.23230 1.26657 -0.31919
C 2.47505 -0.24471 1.09475
O 3.49891 -0.53326 1.73429
N 1.45280 -1.07636 0.79784
C 1.50080 -2.43665 1.18059
C 1.86247 -2.82512 2.47732
C 1.13925 -3.42197 0.25585
C 1.85972 -4.17031 2.83181
H 2.13992 -2.06765 3.20502
C 1.13948 -4.76461 0.61662
H 0.84231 -3.12118 -0.74784
C 1.49755 -5.14658 1.90712
H 2.13845 -4.45457 3.84418
H 0.85627 -5.51626 -0.11689
H 1.49407 -6.19627 2.19033
O 0.06502 2.53861 -1.83744
H -0.43966 0.03634 -1.63886
H 0.20191 -1.08567 -1.33823
